START:NODES 
1;0.0;0.0;0.0;1;1;1;0;0;0;
2;5.0;0.0;0.0;0;0;0;0.0;0.0;-694.444444444444;
3;5.0;0.25;0.0;0;0;0;0.0;0.0;-694.444444444444;
4;0.0;0.25;0.0;1;1;1;0;0;0;
5;0.0;0.0;-0.25;1;1;1;0;0;0;
6;5.0;0.0;-0.25;0;0;0;0.0;0.0;-694.444444444444;
7;0.0;0.25;-0.25;1;1;1;0;0;0;
8;5.0;0.25;-0.25;0;0;0;0.0;0.0;-694.444444444444;
9;0.0;0.0;0.25;1;1;1;0;0;0;
10;5.0;0.0;0.25;0;0;0;0.0;0.0;-694.444444444444;
11;0.0;0.25;0.25;1;1;1;0;0;0;
12;5.0;0.25;0.25;0;0;0;0.0;0.0;-694.444444444444;
13;0.5;0.0;-0.25;0;0;0;0;0;0;
14;0.5;0.25;-0.25;0;0;0;0;0;0;
15;0.5;0.0;0.0;0;0;0;0;0;0;
16;0.5;0.25;0.0;0;0;0;0;0;0;
17;1.0;0.0;-0.25;0;0;0;0;0;0;
18;1.0;0.25;-0.25;0;0;0;0;0;0;
19;1.0;0.0;0.0;0;0;0;0;0;0;
20;1.0;0.25;0.0;0;0;0;0;0;0;
21;1.5;0.0;-0.25;0;0;0;0;0;0;
22;1.5;0.25;-0.25;0;0;0;0;0;0;
23;1.5;0.0;0.0;0;0;0;0;0;0;
24;1.5;0.25;0.0;0;0;0;0;0;0;
25;2.0;0.0;-0.25;0;0;0;0;0;0;
26;2.0;0.25;-0.25;0;0;0;0;0;0;
27;2.0;0.0;0.0;0;0;0;0;0;0;
28;2.0;0.25;0.0;0;0;0;0;0;0;
29;2.5;0.0;-0.25;0;0;0;0;0;0;
30;2.5;0.25;-0.25;0;0;0;0;0;0;
31;2.5;0.0;0.0;0;0;0;0;0;0;
32;2.5;0.25;0.0;0;0;0;0;0;0;
33;3.0;0.0;-0.25;0;0;0;0;0;0;
34;3.0;0.25;-0.25;0;0;0;0;0;0;
35;3.0;0.0;0.0;0;0;0;0;0;0;
36;3.0;0.25;0.0;0;0;0;0;0;0;
37;3.5;0.0;-0.25;0;0;0;0;0;0;
38;3.5;0.25;-0.25;0;0;0;0;0;0;
39;3.5;0.0;0.0;0;0;0;0;0;0;
40;3.5;0.25;0.0;0;0;0;0;0;0;
41;4.0;0.0;-0.25;0;0;0;0;0;0;
42;4.0;0.25;-0.25;0;0;0;0;0;0;
43;4.0;0.0;0.0;0;0;0;0;0;0;
44;4.0;0.25;0.0;0;0;0;0;0;0;
45;4.5;0.0;-0.25;0;0;0;0;0;0;
46;4.5;0.25;-0.25;0;0;0;0;0;0;
47;4.5;0.0;0.0;0;0;0;0;0;0;
48;4.5;0.25;0.0;0;0;0;0;0;0;
49;0.5;0.0;0.25;0;0;0;0;0;0;
50;0.5;0.25;0.25;0;0;0;0;0;0;
51;1.0;0.0;0.25;0;0;0;0;0;0;
52;1.0;0.25;0.25;0;0;0;0;0;0;
53;1.5;0.0;0.25;0;0;0;0;0;0;
54;1.5;0.25;0.25;0;0;0;0;0;0;
55;2.0;0.0;0.25;0;0;0;0;0;0;
56;2.0;0.25;0.25;0;0;0;0;0;0;
57;2.5;0.0;0.25;0;0;0;0;0;0;
58;2.5;0.25;0.25;0;0;0;0;0;0;
59;3.0;0.0;0.25;0;0;0;0;0;0;
60;3.0;0.25;0.25;0;0;0;0;0;0;
61;3.5;0.0;0.25;0;0;0;0;0;0;
62;3.5;0.25;0.25;0;0;0;0;0;0;
63;4.0;0.0;0.25;0;0;0;0;0;0;
64;4.0;0.25;0.25;0;0;0;0;0;0;
65;4.5;0.0;0.25;0;0;0;0;0;0;
66;4.5;0.25;0.25;0;0;0;0;0;0;
67;0.0;0.125;-0.25;1;1;1;0;0;0;
68;0.5;0.125;-0.25;0;0;0;0;0;0;
69;0.0;0.125;0.0;1;1;1;0;0;0;
70;0.5;0.125;0.0;0;0;0;0;0;0;
71;1.0;0.125;-0.25;0;0;0;0;0;0;
72;1.0;0.125;0.0;0;0;0;0;0;0;
73;1.5;0.125;-0.25;0;0;0;0;0;0;
74;1.5;0.125;0.0;0;0;0;0;0;0;
75;2.0;0.125;-0.25;0;0;0;0;0;0;
76;2.0;0.125;0.0;0;0;0;0;0;0;
77;2.5;0.125;-0.25;0;0;0;0;0;0;
78;2.5;0.125;0.0;0;0;0;0;0;0;
79;3.0;0.125;-0.25;0;0;0;0;0;0;
80;3.0;0.125;0.0;0;0;0;0;0;0;
81;3.5;0.125;-0.25;0;0;0;0;0;0;
82;3.5;0.125;0.0;0;0;0;0;0;0;
83;4.0;0.125;-0.25;0;0;0;0;0;0;
84;4.0;0.125;0.0;0;0;0;0;0;0;
85;4.5;0.125;-0.25;0;0;0;0;0;0;
86;4.5;0.125;0.0;0;0;0;0;0;0;
87;5.0;0.125;-0.25;0;0;0;0.0;0.0;-694.444444444444;
88;5.0;0.125;0.0;0;0;0;0.0;0.0;-694.444444444444;
89;0.0;0.125;0.25;1;1;1;0;0;0;
90;0.5;0.125;0.25;0;0;0;0;0;0;
91;1.0;0.125;0.25;0;0;0;0;0;0;
92;1.5;0.125;0.25;0;0;0;0;0;0;
93;2.0;0.125;0.25;0;0;0;0;0;0;
94;2.5;0.125;0.25;0;0;0;0;0;0;
95;3.0;0.125;0.25;0;0;0;0;0;0;
96;3.5;0.125;0.25;0;0;0;0;0;0;
97;4.0;0.125;0.25;0;0;0;0;0;0;
98;4.5;0.125;0.25;0;0;0;0;0;0;
99;5.0;0.125;0.25;0;0;0;0.0;0.0;-694.444444444444;
END:NODES 
START:ELEMENTS 
23;5;13;68;67;1;15;70;69;
24;67;68;14;7;69;70;16;4;
25;13;17;71;68;15;19;72;70;
26;68;71;18;14;70;72;20;16;
27;17;21;73;71;19;23;74;72;
28;71;73;22;18;72;74;24;20;
29;21;25;75;73;23;27;76;74;
30;73;75;26;22;74;76;28;24;
31;25;29;77;75;27;31;78;76;
32;75;77;30;26;76;78;32;28;
33;29;33;79;77;31;35;80;78;
34;77;79;34;30;78;80;36;32;
35;33;37;81;79;35;39;82;80;
36;79;81;38;34;80;82;40;36;
37;37;41;83;81;39;43;84;82;
38;81;83;42;38;82;84;44;40;
39;41;45;85;83;43;47;86;84;
40;83;85;46;42;84;86;48;44;
41;45;6;87;85;47;2;88;86;
42;85;87;8;46;86;88;3;48;
43;1;15;70;69;9;49;90;89;
44;69;70;16;4;89;90;50;11;
45;15;19;72;70;49;51;91;90;
46;70;72;20;16;90;91;52;50;
47;19;23;74;72;51;53;92;91;
48;72;74;24;20;91;92;54;52;
49;23;27;76;74;53;55;93;92;
50;74;76;28;24;92;93;56;54;
51;27;31;78;76;55;57;94;93;
52;76;78;32;28;93;94;58;56;
53;31;35;80;78;57;59;95;94;
54;78;80;36;32;94;95;60;58;
55;35;39;82;80;59;61;96;95;
56;80;82;40;36;95;96;62;60;
57;39;43;84;82;61;63;97;96;
58;82;84;44;40;96;97;64;62;
59;43;47;86;84;63;65;98;97;
60;84;86;48;44;97;98;66;64;
61;47;2;88;86;65;10;99;98;
62;86;88;3;48;98;99;12;66;
END:ELEMENTS 
START:DISPLACEMENTS 
1;0.0;0.0;0.0;
2;4.711834755368045e-14;1.3474441169274767e-12;-0.34938748594794256;
3;-4.8795926716438185e-14;1.3474584053748695e-12;-0.3493874859479372;
4;0.0;0.0;0.0;
5;0.0;0.0;0.0;
6;-0.026179927486813658;-7.062400680979623e-06;-0.3494224243760748;
7;0.0;0.0;0.0;
8;-0.026179927486909692;7.062403386684295e-06;-0.3494224243760694;
9;0.0;0.0;0.0;
10;0.026179927486907915;7.062403375932258e-06;-0.34942242437607474;
11;0.0;0.0;0.0;
12;0.026179927486812065;-7.062400691756473e-06;-0.34942242437606935;
13;-0.00466598102033569;-0.0004846003654147484;-0.005126772627316383;
14;-0.004665981020355633;0.0004846003654558005;-0.005126772627318754;
15;9.789772560527499e-15;2.1385133722947957e-14;-0.004705006632996776;
16;-9.958175698725164e-15;2.140014592815038e-14;-0.004705006632996234;
17;-0.009222869079334986;-0.00033235350248630796;-0.01928582704554475;
18;-0.009222869079373213;0.0003323535026457489;-0.019285827045545652;
19;1.8845401568874958e-14;7.959935337571686e-14;-0.018999737872738766;
20;-1.9199332919225285e-14;7.961693935034896e-14;-0.018999737872737614;
21;-0.01318925217245676;-0.00030943771428005874;-0.04202823456365881;
22;-0.013189252172510562;0.00030943771462558334;-0.04202823456365888;
23;2.653607240314956e-14;1.719002883183133e-13;-0.041757928270576984;
24;-2.708275770384595e-14;1.7191532906638573e-13;-0.04175792827057518;
25;-0.016632225485274967;-0.0002620531332945699;-0.07216195992264657;
26;-0.016632225485341857;0.0002620531338835852;-0.07216195992264561;
27;3.299770392829895e-14;2.9280989778773744e-13;-0.07193507416586653;
28;-3.372001981215033e-14;2.928253628409837e-13;-0.07193507416586407;
29;-0.01954564306682525;-0.0002188289026462493;-0.10865722687974999;
30;-0.019545643066902645;0.0002188289035257956;-0.10865722687974821;
31;3.8191929080417635e-14;4.3743184040038496e-13;-0.1084669650300254;
32;-3.9088437755680776e-14;4.3743780629849205e-13;-0.1084669650300225;
33;-0.021929096761913066;-0.00017502179950591704;-0.150448062883741;
34;-0.02192909676199857;0.00017502180071296694;-0.1504480628837386;
35;4.219432225264335e-14;6.007028096145794e-13;-0.15029604309557087;
36;-4.325443103075406e-14;6.007258950675106e-13;-0.15029604309556757;
37;-0.02378286782379036;-0.00013125041379479955;-0.19647599153120224;
38;-0.023782867823881827;0.00013125041535725843;-0.19647599153119935;
39;4.500724785041838e-14;7.779909621947408e-13;-0.19636242221340236;
40;-4.62560314265547e-14;7.780386894260188e-13;-0.19636242221339878;
41;-0.025107614338566644;-8.768283503468866e-05;-0.2456843977615474;
42;-0.025107614338661592;8.768283697239252e-05;-0.2456843977615432;
43;4.66270654553347e-14;9.645560849495389e-13;-0.2456065248658491;
44;-4.80765075664355e-14;9.64544262172495e-13;-0.2456065248658446;
45;-0.025899084650203925;-4.254425152209263e-05;-0.2970008094939378;
46;-0.02589908465029992;4.2544253843474125e-05;-0.2970008094939327;
47;4.711504522367511e-14;1.155635865295152e-12;-0.2969708515654585;
48;-4.877050405339668e-14;1.1556293636646196e-12;-0.2969708515654533;
49;0.0046659810203552666;0.0004846003654547313;-0.005126772627319255;
50;0.004665981020335721;-0.00048460036541578293;-0.005126772627315818;
51;0.00922286907937266;0.0003323535026434016;-0.019285827045546797;
52;0.009222869079334818;-0.00033235350248862094;-0.019285827045543585;
53;0.013189252172509845;0.0003094377146220113;-0.04202823456366064;
54;0.013189252172456402;-0.00030943771428362766;-0.042028234563656966;
55;0.016632225485340924;0.0002620531338787706;-0.07216195992264797;
56;0.01663222548527442;-0.0002620531332993448;-0.0721619599226442;
57;0.01954564306690165;0.0002188289035198526;-0.10865722687975116;
58;0.01954564306682448;-0.00021882890265216342;-0.10865722687974694;
59;0.021929096761997467;0.00017502180070646004;-0.15044806288374182;
60;0.021929096761912056;-0.00017502179951237889;-0.15044806288373783;
61;0.023782867823880352;0.0001312504153501845;-0.1964759915312029;
62;0.02378286782378926;-0.00013125041380187552;-0.19647599153119868;
63;0.025107614338659913;8.768283696353525e-05;-0.24568439776154752;
64;0.025107614338565464;-8.768283504353264e-05;-0.24568439776154286;
65;0.025899084650298138;4.254425383326436e-05;-0.2970008094939378;
66;0.025899084650202416;-4.254425153224537e-05;-0.29700080949393265;
67;0.0;0.0;0.0;
68;-0.0046354787142569714;2.002102506880774e-14;-0.005246679688000228;
69;0.0;0.0;0.0;
70;-8.35587022755623e-17;2.088991497483663e-14;-0.0048244605208845074;
71;-0.009243234831199185;7.941189378538614e-14;-0.019369909438795747;
72;-1.7763418135710434e-16;7.930180895018014e-14;-0.019082572402424332;
73;-0.013189123637776076;1.7247125240010068e-13;-0.042105105709348924;
74;-2.727274758859506e-16;1.7161090590563632e-13;-0.041835737657538036;
75;-0.016638413272655417;2.9427104656763123e-13;-0.0722276623906861;
76;-3.660417110662125e-16;2.925883289829795e-13;-0.0720003388583627;
77;-0.01955012809242342;4.395861856911893e-13;-0.1087118857474952;
78;-4.478623222699509e-16;4.3724928950546847e-13;-0.10852177751478478;
79;-0.021934012645303865;6.03364430516174e-13;-0.15049176420466545;
80;-5.213313433242628e-16;6.005759313502939e-13;-0.15033974612116321;
81;-0.02378762736549305;7.811356127702979e-13;-0.19650909177794193;
82;-6.351402111577821e-16;7.779280356908544e-13;-0.19639531997576046;
83;-0.025112592296063805;9.687991060167276e-13;-0.24570518002952835;
84;-7.267845287802121e-16;9.644979144426975e-13;-0.2456281264893871;
85;-0.0259037512947708;1.1606929873306484e-12;-0.2970158776330908;
86;-8.278358171832807e-16;1.1556265231454213e-12;-0.29698277561321906;
87;-0.026182641340118353;1.3528388116540901e-12;-0.349406864916938;
88;-8.650010034409121e-16;1.3474615244380894e-12;-0.34938434860875217;
89;0.0;0.0;0.0;
90;0.004635478714256807;1.8975662735011625e-14;-0.0052466796880001896;
91;0.009243234831198826;7.707916074462047e-14;-0.01936990943879574;
92;0.013189123637775533;1.6890734550809145e-13;-0.04210510570934888;
93;0.01663841327265469;2.894564608171234e-13;-0.07222766239068608;
94;0.019550128092422528;4.3364919760291386e-13;-0.10871188574749516;
95;0.021934012645302814;5.968997241673057e-13;-0.1504917642046655;
96;0.023787627365491785;7.740646736921709e-13;-0.19650909177794199;
97;0.025112592296062358;9.599719874527983e-13;-0.24570518002952818;
98;0.025903751294769167;1.150512809900131e-12;-0.2970158776330908;
99;0.026182641340116688;1.3420932932811684e-12;-0.34940686491693784;
END:DISPLACEMENTS 
START:STRESSES 
1;0;0;0;0;0;0;
2;0;0;0;0;0;0;
3;0;0;0;0;0;0;
4;0;0;0;0;0;0;
5;0;0;0;0;0;0;
6;0;0;0;0;0;0;
7;0;0;0;0;0;0;
8;0;0;0;0;0;0;
9;0;0;0;0;0;0;
10;0;0;0;0;0;0;
11;0;0;0;0;0;0;
12;0;0;0;0;0;0;
13;0;0;0;0;0;0;
14;0;0;0;0;0;0;
15;0;0;0;0;0;0;
16;0;0;0;0;0;0;
17;0;0;0;0;0;0;
18;0;0;0;0;0;0;
19;0;0;0;0;0;0;
20;0;0;0;0;0;0;
21;0;0;0;0;0;0;
22;0;0;0;0;0;0;
23;0;0;0;0;0;0;
24;0;0;0;0;0;0;
25;0;0;0;0;0;0;
26;0;0;0;0;0;0;
27;0;0;0;0;0;0;
28;0;0;0;0;0;0;
29;0;0;0;0;0;0;
30;0;0;0;0;0;0;
31;0;0;0;0;0;0;
32;0;0;0;0;0;0;
33;0;0;0;0;0;0;
34;0;0;0;0;0;0;
35;0;0;0;0;0;0;
36;0;0;0;0;0;0;
37;0;0;0;0;0;0;
38;0;0;0;0;0;0;
39;0;0;0;0;0;0;
40;0;0;0;0;0;0;
41;0;0;0;0;0;0;
42;0;0;0;0;0;0;
43;0;0;0;0;0;0;
44;0;0;0;0;0;0;
45;0;0;0;0;0;0;
46;0;0;0;0;0;0;
47;0;0;0;0;0;0;
48;0;0;0;0;0;0;
49;0;0;0;0;0;0;
50;0;0;0;0;0;0;
51;0;0;0;0;0;0;
52;0;0;0;0;0;0;
53;0;0;0;0;0;0;
54;0;0;0;0;0;0;
55;0;0;0;0;0;0;
56;0;0;0;0;0;0;
57;0;0;0;0;0;0;
58;0;0;0;0;0;0;
59;0;0;0;0;0;0;
60;0;0;0;0;0;0;
61;0;0;0;0;0;0;
62;0;0;0;0;0;0;
63;0;0;0;0;0;0;
64;0;0;0;0;0;0;
65;0;0;0;0;0;0;
66;0;0;0;0;0;0;
67;0;0;0;0;0;0;
68;0;0;0;0;0;0;
69;0;0;0;0;0;0;
70;0;0;0;0;0;0;
71;0;0;0;0;0;0;
72;0;0;0;0;0;0;
73;0;0;0;0;0;0;
74;0;0;0;0;0;0;
75;0;0;0;0;0;0;
76;0;0;0;0;0;0;
77;0;0;0;0;0;0;
78;0;0;0;0;0;0;
79;0;0;0;0;0;0;
80;0;0;0;0;0;0;
81;0;0;0;0;0;0;
82;0;0;0;0;0;0;
83;0;0;0;0;0;0;
84;0;0;0;0;0;0;
85;0;0;0;0;0;0;
86;0;0;0;0;0;0;
87;0;0;0;0;0;0;
88;0;0;0;0;0;0;
89;0;0;0;0;0;0;
90;0;0;0;0;0;0;
91;0;0;0;0;0;0;
92;0;0;0;0;0;0;
93;0;0;0;0;0;0;
94;0;0;0;0;0;0;
95;0;0;0;0;0;0;
96;0;0;0;0;0;0;
97;0;0;0;0;0;0;
98;0;0;0;0;0;0;
99;0;0;0;0;0;0;
END:STRESSES 
