START:NODES 
1;0;0;0;1;1;1;0;0;0;0.015625000000000014;0.015625000000000014;0.015625000000000014;
2;0.25;0;0;1;1;1;0;0;0;0.015625000000000014;0.015625000000000014;0.015625000000000014;
3;0.25;0.25;0;1;1;1;0;0;0;0.015625000000000014;0.015625000000000014;0.015625000000000014;
4;0;0.25;0;1;1;1;0;0;0;0.015625000000000014;0.015625000000000014;0.015625000000000014;
5;0;0;0.25;0;0;0;0;0;5;0.015625000000000014;0.015625000000000014;0.015625000000000014;
6;0.25;0;0.25;0;0;0;0;0;5;0.015625000000000014;0.015625000000000014;0.015625000000000014;
7;0.25;0.25;0.25;0;0;0;0;0;5;0.015625000000000014;0.015625000000000014;0.015625000000000014;
8;0;0.25;0.25;0;0;0;0;0;5;0.015625000000000014;0.015625000000000014;0.015625000000000014;
END:NODES 
START:ELEMENTS 
elm1;1;2;3;4;5;6;7;8;
END:ELEMENTS 
START:DISPLACEMENTS:t=0.0 
1;0.0;0.0;0.0
2;0.0;0.0;0.0
3;0.0;0.0;0.0
4;0.0;0.0;0.0
5;0.0;0.0;0.0
6;0.0;0.0;0.0
7;0.0;0.0;0.0
8;0.0;0.0;0.0
END:DISPLACEMENTS 
START:DISPLACEMENTS:t=0.01 
1;0.0;0.0;0.0
2;0.0;0.0;0.0
3;0.0;0.0;0.0
4;0.0;0.0;0.0
5;3.0444429708937803e-09;3.0444429708922815e-09;1.7520278936310228e-07
6;-3.0444429708934164e-09;3.0444429708930557e-09;1.7520278936310054e-07
7;-3.044442970894121e-09;-3.044442970894419e-09;1.752027893631038e-07
8;3.044442970893026e-09;-3.0444429708942634e-09;1.752027893631028e-07
END:DISPLACEMENTS 
START:DISPLACEMENTS:t=0.02 
1;0.0;0.0;0.0
2;0.0;0.0;0.0
3;0.0;0.0;0.0
4;0.0;0.0;0.0
5;6.898271172561314e-09;6.898271172560471e-09;1.914950396662589e-07
6;-6.89827117256148e-09;6.8982711725614235e-09;1.9149503966625546e-07
7;-6.898271172562257e-09;-6.898271172561546e-09;1.9149503966625747e-07
8;6.898271172561308e-09;-6.898271172561612e-09;1.9149503966625731e-07
END:DISPLACEMENTS 
START:DISPLACEMENTS:t=0.03 
1;0.0;0.0;0.0
2;0.0;0.0;0.0
3;0.0;0.0;0.0
4;0.0;0.0;0.0
5;5.4902295548104454e-08;5.490229554810464e-08;2.834877888726164e-07
6;-5.490229554810379e-08;5.49022955481049e-08;2.8348778887261337e-07
7;-5.490229554810485e-08;-5.49022955481044e-08;2.8348778887261305e-07
8;5.49022955481041e-08;-5.490229554810374e-08;2.834877888726133e-07
END:DISPLACEMENTS 
START:DISPLACEMENTS:t=0.04 
1;0.0;0.0;0.0
2;0.0;0.0;0.0
3;0.0;0.0;0.0
4;0.0;0.0;0.0
5;1.1141133713657805e-07;1.1141133713657678e-07;4.1355384614634063e-07
6;-1.1141133713657442e-07;1.1141133713657649e-07;4.135538461463423e-07
7;-1.1141133713657347e-07;-1.1141133713657456e-07;4.1355384614633725e-07
8;1.114113371365774e-07;-1.114113371365754e-07;4.135538461463437e-07
END:DISPLACEMENTS 
START:DISPLACEMENTS:t=0.05 
1;0.0;0.0;0.0
2;0.0;0.0;0.0
3;0.0;0.0;0.0
4;0.0;0.0;0.0
5;1.3958885214024572e-07;1.395888521402461e-07;5.235526468248716e-07
6;-1.395888521402469e-07;1.3958885214024757e-07;5.235526468248765e-07
7;-1.395888521402458e-07;-1.395888521402453e-07;5.235526468248721e-07
8;1.3958885214024675e-07;-1.3958885214024715e-07;5.235526468248774e-07
END:DISPLACEMENTS 
START:DISPLACEMENTS:t=0.06 
1;0.0;0.0;0.0
2;0.0;0.0;0.0
3;0.0;0.0;0.0
4;0.0;0.0;0.0
5;1.3165814563473703e-07;1.3165814563473917e-07;5.549455645796096e-07
6;-1.316581456347434e-07;1.3165814563474174e-07;5.549455645796191e-07
7;-1.3165814563474253e-07;-1.316581456347397e-07;5.549455645796146e-07
8;1.316581456347387e-07;-1.3165814563474137e-07;5.549455645796185e-07
END:DISPLACEMENTS 
START:DISPLACEMENTS:t=0.07 
1;0.0;0.0;0.0
2;0.0;0.0;0.0
3;0.0;0.0;0.0
4;0.0;0.0;0.0
5;1.0441563253410021e-07;1.0441563253410048e-07;4.828269462314995e-07
6;-1.0441563253410102e-07;1.0441563253410122e-07;4.828269462315063e-07
7;-1.044156325341015e-07;-1.0441563253410106e-07;4.828269462315024e-07
8;1.044156325341005e-07;-1.0441563253410154e-07;4.828269462315048e-07
END:DISPLACEMENTS 
START:DISPLACEMENTS:t=0.08 
1;0.0;0.0;0.0
2;0.0;0.0;0.0
3;0.0;0.0;0.0
4;0.0;0.0;0.0
5;7.335318980506136e-08;7.335318980506011e-08;3.398531419240435e-07
6;-7.335318980505776e-08;7.335318980505876e-08;3.3985314192404664e-07
7;-7.335318980505554e-08;-7.335318980505841e-08;3.398531419240418e-07
8;7.335318980506219e-08;-7.335318980505902e-08;3.398531419240461e-07
END:DISPLACEMENTS 
START:DISPLACEMENTS:t=0.09 
1;0.0;0.0;0.0
2;0.0;0.0;0.0
3;0.0;0.0;0.0
4;0.0;0.0;0.0
5;4.186412964180646e-08;4.186412964180629e-08;2.025006441733396e-07
6;-4.186412964180375e-08;4.1864129641804e-08;2.0250064417333952e-07
7;-4.1864129641801405e-08;-4.186412964180479e-08;2.0250064417333627e-07
8;4.186412964180822e-08;-4.1864129641805005e-08;2.025006441733388e-07
END:DISPLACEMENTS 
START:DISPLACEMENTS:t=0.1 
1;0.0;0.0;0.0
2;0.0;0.0;0.0
3;0.0;0.0;0.0
4;0.0;0.0;0.0
5;1.517150183870411e-08;1.5171501838706648e-08;1.434264888807444e-07
6;-1.5171501838707392e-08;1.5171501838703955e-08;1.4342648888074496e-07
7;-1.5171501838706628e-08;-1.517150183870775e-08;1.4342648888074425e-07
8;1.5171501838707396e-08;-1.517150183870607e-08;1.4342648888074174e-07
END:DISPLACEMENTS 
START:DISPLACEMENTS:t=0.11 
1;0.0;0.0;0.0
2;0.0;0.0;0.0
3;0.0;0.0;0.0
4;0.0;0.0;0.0
5;1.0454341634133266e-08;1.0454341634136508e-08;1.837659922619322e-07
6;-1.0454341634137769e-08;1.0454341634134473e-08;1.837659922619308e-07
7;-1.0454341634139734e-08;-1.045434163413979e-08;1.837659922619336e-07
8;1.0454341634135837e-08;-1.0454341634136565e-08;1.8376599226192647e-07
END:DISPLACEMENTS 
START:DISPLACEMENTS:t=0.12 
1;0.0;0.0;0.0
2;0.0;0.0;0.0
3;0.0;0.0;0.0
4;0.0;0.0;0.0
5;4.3434363077960274e-08;4.34343630779597e-08;2.9590568046297345e-07
6;-4.343436307795997e-08;4.3434363077958216e-08;2.9590568046296783e-07
7;-4.3434363077961684e-08;-4.343436307796387e-08;2.959056804629748e-07
8;4.343436307796154e-08;-4.343436307796133e-08;2.959056804629675e-07
END:DISPLACEMENTS 
START:DISPLACEMENTS:t=0.13 
1;0.0;0.0;0.0
2;0.0;0.0;0.0
3;0.0;0.0;0.0
4;0.0;0.0;0.0
5;1.0104332959590274e-07;1.010433295959e-07;4.2034577096870297e-07
6;-1.0104332959589783e-07;1.0104332959589876e-07;4.203457709686944e-07
7;-1.0104332959589736e-07;-1.0104332959589958e-07;4.203457709687016e-07
8;1.0104332959590056e-07;-1.0104332959590064e-07;4.2034577096869847e-07
END:DISPLACEMENTS 
START:DISPLACEMENTS:t=0.14 
1;0.0;0.0;0.0
2;0.0;0.0;0.0
3;0.0;0.0;0.0
4;0.0;0.0;0.0
5;1.437418894861641e-07;1.437418894861625e-07;5.01244364377538e-07
6;-1.4374188948615889e-07;1.4374188948616333e-07;5.012443643775312e-07
7;-1.4374188948615854e-07;-1.4374188948615722e-07;5.012443643775342e-07
8;1.4374188948615915e-07;-1.4374188948615852e-07;5.012443643775339e-07
END:DISPLACEMENTS 
START:DISPLACEMENTS:t=0.15 
1;0.0;0.0;0.0
2;0.0;0.0;0.0
3;0.0;0.0;0.0
4;0.0;0.0;0.0
5;1.3953324601158995e-07;1.3953324601159048e-07;5.037824614839333e-07
6;-1.3953324601159027e-07;1.3953324601159424e-07;5.037824614839342e-07
7;-1.395332460115917e-07;-1.3953324601158694e-07;5.037824614839325e-07
8;1.395332460115857e-07;-1.395332460115866e-07;5.03782461483934e-07
END:DISPLACEMENTS 
START:DISPLACEMENTS:t=0.16 
1;0.0;0.0;0.0
2;0.0;0.0;0.0
3;0.0;0.0;0.0
4;0.0;0.0;0.0
5;9.392565020173791e-08;9.392565020173914e-08;4.2154004495419823e-07
6;-9.392565020174283e-08;9.392565020174397e-08;4.2154004495420485e-07
7;-9.392565020174413e-08;-9.392565020173965e-08;4.2154004495420173e-07
8;9.392565020173688e-08;-9.392565020173967e-08;4.21540044954206e-07
END:DISPLACEMENTS 
START:DISPLACEMENTS:t=0.17 
1;0.0;0.0;0.0
2;0.0;0.0;0.0
3;0.0;0.0;0.0
4;0.0;0.0;0.0
5;4.185675603337191e-08;4.185675603337082e-08;2.8321833572460107e-07
6;-4.185675603337391e-08;4.185675603337311e-08;2.832183357246088e-07
7;-4.1856756033372195e-08;-4.185675603337123e-08;2.8321833572460467e-07
8;4.185675603337196e-08;-4.1856756033375325e-08;2.832183357246139e-07
END:DISPLACEMENTS 
START:DISPLACEMENTS:t=0.18 
1;0.0;0.0;0.0
2;0.0;0.0;0.0
3;0.0;0.0;0.0
4;0.0;0.0;0.0
5;1.2787296267601442e-08;1.278729626759725e-08;1.5058459770875833e-07
6;-1.278729626759792e-08;1.2787296267597956e-08;1.5058459770876757e-07
7;-1.2787296267594648e-08;-1.27872962675977e-08;1.5058459770875915e-07
8;1.2787296267602142e-08;-1.2787296267602685e-08;1.5058459770877368e-07
END:DISPLACEMENTS 
START:DISPLACEMENTS:t=0.19 
1;0.0;0.0;0.0
2;0.0;0.0;0.0
3;0.0;0.0;0.0
4;0.0;0.0;0.0
5;1.0095476723654434e-08;1.0095476723653696e-08;9.255503407356427e-08
6;-1.0095476723652019e-08;1.0095476723653041e-08;9.255503407357683e-08
7;-1.009547672364719e-08;-1.00954767236508e-08;9.255503407356299e-08
8;1.0095476723656327e-08;-1.0095476723652307e-08;9.255503407357671e-08
END:DISPLACEMENTS 
START:DISPLACEMENTS:t=0.2 
1;0.0;0.0;0.0
2;0.0;0.0;0.0
3;0.0;0.0;0.0
4;0.0;0.0;0.0
5;2.324644752330228e-08;2.3246447523307432e-08;1.424153074141029e-07
6;-2.3246447523306625e-08;2.3246447523306185e-08;1.424153074141178e-07
7;-2.3246447523302674e-08;-2.324644752330217e-08;1.4241530741410424e-07
8;2.3246447523305735e-08;-2.3246447523301235e-08;1.4241530741410975e-07
END:DISPLACEMENTS 
START:DISPLACEMENTS:t=0.21 
1;0.0;0.0;0.0
2;0.0;0.0;0.0
3;0.0;0.0;0.0
4;0.0;0.0;0.0
5;4.75595232662894e-08;4.755952326629637e-08;2.685631884625108e-07
6;-4.7559523266300575e-08;4.755952326629461e-08;2.685631884625214e-07
7;-4.755952326629795e-08;-4.755952326629569e-08;2.68563188462515e-07
8;4.755952326629444e-08;-4.7559523266295195e-08;2.685631884625124e-07
END:DISPLACEMENTS 
START:DISPLACEMENTS:t=0.22 
1;0.0;0.0;0.0
2;0.0;0.0;0.0
3;0.0;0.0;0.0
4;0.0;0.0;0.0
5;8.414733696773446e-08;8.414733696773555e-08;3.997178991917624e-07
6;-8.414733696773784e-08;8.414733696773267e-08;3.9971789919176306e-07
7;-8.414733696773839e-08;-8.41473369677412e-08;3.997178991917654e-07
8;8.414733696773875e-08;-8.414733696774109e-08;3.997178991917611e-07
END:DISPLACEMENTS 
START:DISPLACEMENTS:t=0.23 
1;0.0;0.0;0.0
2;0.0;0.0;0.0
3;0.0;0.0;0.0
4;0.0;0.0;0.0
5;1.200505707879917e-07;1.2005057078798667e-07;4.6426841720569797e-07
6;-1.2005057078798291e-07;1.2005057078798413e-07;4.642684172056872e-07
7;-1.200505707879855e-07;-1.2005057078799123e-07;4.642684172056933e-07
8;1.200505707879914e-07;-1.2005057078798948e-07;4.6426841720569077e-07
END:DISPLACEMENTS 
START:DISPLACEMENTS:t=0.24 
1;0.0;0.0;0.0
2;0.0;0.0;0.0
3;0.0;0.0;0.0
4;0.0;0.0;0.0
5;1.2747253979210025e-07;1.2747253979209708e-07;4.331608836361328e-07
6;-1.2747253979209136e-07;1.2747253979209565e-07;4.3316088363611525e-07
7;-1.2747253979209554e-07;-1.274725397920977e-07;4.331608836361242e-07
8;1.2747253979209626e-07;-1.274725397920949e-07;4.331608836361171e-07
END:DISPLACEMENTS 
START:DISPLACEMENTS:t=0.25 
1;0.0;0.0;0.0
2;0.0;0.0;0.0
3;0.0;0.0;0.0
4;0.0;0.0;0.0
5;9.008935981145676e-08;9.008935981145894e-08;3.255374037597317e-07
6;-9.008935981145912e-08;9.008935981146065e-08;3.2553740375971544e-07
7;-9.008935981146345e-08;-9.008935981145734e-08;3.25537403759727e-07
8;9.008935981145298e-08;-9.008935981145462e-08;3.2553740375971385e-07
END:DISPLACEMENTS 
START:DISPLACEMENTS:t=0.26 
1;0.0;0.0;0.0
2;0.0;0.0;0.0
3;0.0;0.0;0.0
4;0.0;0.0;0.0
5;2.700969100606601e-08;2.7009691006069543e-08;1.887396279934968e-07
6;-2.7009691006073933e-08;2.7009691006072352e-08;1.887396279934825e-07
7;-2.7009691006077944e-08;-2.7009691006071594e-08;1.8873962799349863e-07
8;2.7009691006063286e-08;-2.7009691006068808e-08;1.8873962799348196e-07
END:DISPLACEMENTS 
START:DISPLACEMENTS:t=0.27 
1;0.0;0.0;0.0
2;0.0;0.0;0.0
3;0.0;0.0;0.0
4;0.0;0.0;0.0
5;-1.8879743458291307e-08;-1.887974345829451e-08;7.681273126532827e-08
6;1.8879743458294887e-08;-1.8879743458293445e-08;7.681273126531341e-08
7;1.887974345829037e-08;1.8879743458292935e-08;7.681273126532832e-08
8;-1.887974345829649e-08;1.8879743458293865e-08;7.681273126531883e-08
END:DISPLACEMENTS 
START:DISPLACEMENTS:t=0.28 
1;0.0;0.0;0.0
2;0.0;0.0;0.0
3;0.0;0.0;0.0
4;0.0;0.0;0.0
5;-1.9340748324402316e-08;-1.9340748324409357e-08;3.587052209754653e-08
6;1.9340748324416954e-08;-1.9340748324411746e-08;3.5870522097533366e-08
7;1.9340748324415134e-08;1.934074832441029e-08;3.5870522097544695e-08
8;-1.9340748324408305e-08;1.9340748324409724e-08;3.587052209754309e-08
END:DISPLACEMENTS 
START:DISPLACEMENTS:t=0.29 
1;0.0;0.0;0.0
2;0.0;0.0;0.0
3;0.0;0.0;0.0
4;0.0;0.0;0.0
5;1.6389296278179997e-08;1.6389296278175163e-08;8.768118950314288e-08
6;-1.6389296278171612e-08;1.6389296278173783e-08;8.768118950314142e-08
7;-1.638929627816889e-08;-1.6389296278171662e-08;8.768118950314472e-08
8;1.6389296278177012e-08;-1.638929627817413e-08;8.768118950314644e-08
END:DISPLACEMENTS 
START:DISPLACEMENTS:t=0.3 
1;0.0;0.0;0.0
2;0.0;0.0;0.0
3;0.0;0.0;0.0
4;0.0;0.0;0.0
5;5.772602143983691e-08;5.772602143984195e-08;2.1131122446491333e-07
6;-5.7726021439845396e-08;5.772602143984317e-08;2.1131122446492704e-07
7;-5.772602143984062e-08;-5.7726021439838726e-08;2.1131122446492177e-07
8;5.772602143983931e-08;-5.772602143984118e-08;2.1131122446492206e-07
END:DISPLACEMENTS 
START:DISPLACEMENTS:t=0.31 
1;0.0;0.0;0.0
2;0.0;0.0;0.0
3;0.0;0.0;0.0
4;0.0;0.0;0.0
5;8.38332528593429e-08;8.383325285934952e-08;3.401361318733946e-07
6;-8.383325285935428e-08;8.383325285935032e-08;3.401361318734171e-07
7;-8.383325285935096e-08;-8.383325285934674e-08;3.4013613187340407e-07
8;8.383325285934774e-08;-8.383325285934785e-08;3.401361318734084e-07
END:DISPLACEMENTS 
START:DISPLACEMENTS:t=0.32 
1;0.0;0.0;0.0
2;0.0;0.0;0.0
3;0.0;0.0;0.0
4;0.0;0.0;0.0
5;9.410283666615149e-08;9.410283666615337e-08;4.000710520494333e-07
6;-9.410283666615281e-08;9.41028366661512e-08;4.0007105204945334e-07
7;-9.410283666615059e-08;-9.410283666615304e-08;4.000710520494369e-07
8;9.410283666615542e-08;-9.410283666615457e-08;4.000710520494493e-07
END:DISPLACEMENTS 
START:DISPLACEMENTS:t=0.33 
1;0.0;0.0;0.0
2;0.0;0.0;0.0
3;0.0;0.0;0.0
4;0.0;0.0;0.0
5;9.017027622687702e-08;9.017027622687215e-08;3.51847251090449e-07
6;-9.017027622687006e-08;9.017027622687033e-08;3.5184725109046063e-07
7;-9.017027622686624e-08;-9.017027622687398e-08;3.5184725109044464e-07
8;9.017027622688109e-08;-9.017027622687764e-08;3.518472510904627e-07
END:DISPLACEMENTS 
START:DISPLACEMENTS:t=0.34 
1;0.0;0.0;0.0
2;0.0;0.0;0.0
3;0.0;0.0;0.0
4;0.0;0.0;0.0
5;6.518273529760841e-08;6.518273529760648e-08;2.191515726480758e-07
6;-6.51827352976059e-08;6.51827352976073e-08;2.1915157264808226e-07
7;-6.518273529760247e-08;-6.518273529760706e-08;2.1915157264806844e-07
8;6.518273529761372e-08;-6.518273529761045e-08;2.1915157264808284e-07
END:DISPLACEMENTS 
START:DISPLACEMENTS:t=0.35 
1;0.0;0.0;0.0
2;0.0;0.0;0.0
3;0.0;0.0;0.0
4;0.0;0.0;0.0
5;1.7535760803068286e-08;1.7535760803073766e-08;7.015599799522673e-08
6;-1.7535760803078517e-08;1.7535760803076383e-08;7.015599799523233e-08
7;-1.7535760803078987e-08;-1.7535760803075556e-08;7.015599799522417e-08
8;1.753576080307297e-08;-1.7535760803072932e-08;7.015599799522642e-08
END:DISPLACEMENTS 
START:DISPLACEMENTS:t=0.36 
1;0.0;0.0;0.0
2;0.0;0.0;0.0
3;0.0;0.0;0.0
4;0.0;0.0;0.0
5;-3.119195816891406e-08;-3.119195816890921e-08;-2.7124790173982244e-08
6;3.1191958168903557e-08;-3.119195816890685e-08;-2.7124790173983716e-08
7;3.119195816889906e-08;3.119195816890536e-08;-2.7124790173982647e-08
8;-3.119195816891462e-08;3.1191958168911074e-08;-2.712479017398987e-08
END:DISPLACEMENTS 
START:DISPLACEMENTS:t=0.37 
1;0.0;0.0;0.0
2;0.0;0.0;0.0
3;0.0;0.0;0.0
4;0.0;0.0;0.0
5;-4.597914176571703e-08;-4.597914176572031e-08;-3.847744197784842e-08
6;4.597914176572068e-08;-4.5979141765719054e-08;-3.8477441977863273e-08
7;4.597914176571679e-08;4.597914176571702e-08;-3.847744197785386e-08
8;-4.5979141765721457e-08;4.597914176571901e-08;-3.847744197785968e-08
END:DISPLACEMENTS 
START:DISPLACEMENTS:t=0.38 
1;0.0;0.0;0.0
2;0.0;0.0;0.0
3;0.0;0.0;0.0
4;0.0;0.0;0.0
5;-1.2072464022004648e-08;-1.2072464022014733e-08;3.094553257588526e-08
6;1.2072464022018504e-08;-1.2072464022014194e-08;3.0945532575860293e-08
7;1.2072464022017104e-08;1.207246402201231e-08;3.094553257587816e-08
8;-1.2072464022009821e-08;1.20724640220111e-08;3.094553257587218e-08
END:DISPLACEMENTS 
START:DISPLACEMENTS:t=0.39 
1;0.0;0.0;0.0
2;0.0;0.0;0.0
3;0.0;0.0;0.0
4;0.0;0.0;0.0
5;4.62139565844424e-08;4.621395658443869e-08;1.4687762185320695e-07
6;-4.6213956584433555e-08;4.621395658443858e-08;1.468776218531868e-07
7;-4.621395658443693e-08;-4.6213956584437876e-08;1.4687762185320613e-07
8;4.6213956584437175e-08;-4.621395658443761e-08;1.4687762185319466e-07
END:DISPLACEMENTS 
START:DISPLACEMENTS:t=0.4 
1;0.0;0.0;0.0
2;0.0;0.0;0.0
3;0.0;0.0;0.0
4;0.0;0.0;0.0
5;8.643180708724614e-08;8.643180708725038e-08;2.565699191614337e-07
6;-8.64318070872481e-08;8.643180708724858e-08;2.565699191614252e-07
7;-8.643180708725284e-08;-8.643180708724494e-08;2.5656991916144014e-07
8;8.643180708724048e-08;-8.643180708724137e-08;2.565699191614233e-07
END:DISPLACEMENTS 
START:DISPLACEMENTS:t=0.41 
1;0.0;0.0;0.0
2;0.0;0.0;0.0
3;0.0;0.0;0.0
4;0.0;0.0;0.0
5;8.597223583193812e-08;8.59722358319448e-08;3.0169880284179024e-07
6;-8.597223583194541e-08;8.597223583194308e-08;3.016988028417912e-07
7;-8.597223583194523e-08;-8.597223583193992e-08;3.0169880284180003e-07
8;8.59722358319335e-08;-8.597223583193799e-08;3.016988028417853e-07
END:DISPLACEMENTS 
START:DISPLACEMENTS:t=0.42 
1;0.0;0.0;0.0
2;0.0;0.0;0.0
3;0.0;0.0;0.0
4;0.0;0.0;0.0
5;5.5994427988820915e-08;5.599442798881889e-08;2.479851078452811e-07
6;-5.59944279888203e-08;5.5994427988816276e-08;2.479851078452829e-07
7;-5.5994427988814284e-08;-5.5994427988818804e-08;2.479851078452862e-07
8;5.599442798882112e-08;-5.5994427988820206e-08;2.479851078452828e-07
END:DISPLACEMENTS 
START:DISPLACEMENTS:t=0.43 
1;0.0;0.0;0.0
2;0.0;0.0;0.0
3;0.0;0.0;0.0
4;0.0;0.0;0.0
5;1.9383257379437403e-08;1.9383257379433836e-08;1.0980960563090276e-07
6;-1.9383257379429198e-08;1.938325737942982e-08;1.098096056309077e-07
7;-1.938325737942395e-08;-1.9383257379434445e-08;1.0980960563090215e-07
8;1.9383257379442287e-08;-1.9383257379436924e-08;1.0980960563091167e-07
END:DISPLACEMENTS 
START:DISPLACEMENTS:t=0.44 
1;0.0;0.0;0.0
2;0.0;0.0;0.0
3;0.0;0.0;0.0
4;0.0;0.0;0.0
5;-1.291873138977498e-08;-1.2918731389772876e-08;-4.718945916819887e-08
6;1.2918731389776119e-08;-1.2918731389777078e-08;-4.7189459168184245e-08
7;1.2918731389777345e-08;1.2918731389773346e-08;-4.718945916819988e-08
8;-1.2918731389767033e-08;1.2918731389774144e-08;-4.7189459168186026e-08
END:DISPLACEMENTS 
START:DISPLACEMENTS:t=0.45 
1;0.0;0.0;0.0
2;0.0;0.0;0.0
3;0.0;0.0;0.0
4;0.0;0.0;0.0
5;-3.953025553988266e-08;-3.9530255539873346e-08;-1.432299552752524e-07
6;3.953025553986977e-08;-3.953025553987316e-08;-1.4322995527523027e-07
7;3.953025553987192e-08;3.953025553987509e-08;-1.4322995527525226e-07
8;-3.9530255539875205e-08;3.953025553987616e-08;-1.432299552752408e-07
END:DISPLACEMENTS 
START:DISPLACEMENTS:t=0.46 
1;0.0;0.0;0.0
2;0.0;0.0;0.0
3;0.0;0.0;0.0
4;0.0;0.0;0.0
5;-5.152740183155585e-08;-5.152740183155113e-08;-1.3509933837335901e-07
6;5.152740183154065e-08;-5.152740183154722e-08;-1.350993383733396e-07
7;5.15274018315464e-08;5.1527401831549775e-08;-1.3509933837336068e-07
8;-5.1527401831550695e-08;5.1527401831548385e-08;-1.350993383733491e-07
END:DISPLACEMENTS 
START:DISPLACEMENTS:t=0.47 
1;0.0;0.0;0.0
2;0.0;0.0;0.0
3;0.0;0.0;0.0
4;0.0;0.0;0.0
5;-3.2926550575606364e-08;-3.292655057560909e-08;-3.977970078125857e-08
6;3.2926550575604267e-08;-3.29265505756058e-08;-3.977970078125177e-08
7;3.29265505756083e-08;3.292655057560326e-08;-3.977970078126491e-08
8;-3.2926550575602903e-08;3.292655057560152e-08;-3.977970078124958e-08
END:DISPLACEMENTS 
START:DISPLACEMENTS:t=0.48 
1;0.0;0.0;0.0
2;0.0;0.0;0.0
3;0.0;0.0;0.0
4;0.0;0.0;0.0
5;1.6269187650610363e-08;1.6269187650602653e-08;8.399811835132588e-08
6;-1.6269187650599113e-08;1.62691876506041e-08;8.399811835132106e-08
7;-1.6269187650602382e-08;-1.6269187650607236e-08;8.399811835131704e-08
8;1.6269187650611044e-08;-1.6269187650607292e-08;8.399811835133189e-08
END:DISPLACEMENTS 
START:DISPLACEMENTS:t=0.49 
1;0.0;0.0;0.0
2;0.0;0.0;0.0
3;0.0;0.0;0.0
4;0.0;0.0;0.0
5;6.627059264777472e-08;6.627059264777285e-08;1.7356325157282166e-07
6;-6.627059264776802e-08;6.62705926477745e-08;1.7356325157281234e-07
7;-6.627059264777472e-08;-6.627059264777272e-08;1.7356325157281703e-07
8;6.627059264777271e-08;-6.62705926477721e-08;1.7356325157282023e-07
END:DISPLACEMENTS 
START:DISPLACEMENTS:t=0.5 
1;0.0;0.0;0.0
2;0.0;0.0;0.0
3;0.0;0.0;0.0
4;0.0;0.0;0.0
5;7.82871870809885e-08;7.828718708099146e-08;1.8864923143366687e-07
6;-7.828718708099491e-08;7.828718708099571e-08;1.8864923143365602e-07
7;-7.828718708099752e-08;-7.828718708098793e-08;1.8864923143366846e-07
8;7.828718708098271e-08;-7.828718708098851e-08;1.8864923143365543e-07
END:DISPLACEMENTS 
START:DISPLACEMENTS:t=0.51 
1;0.0;0.0;0.0
2;0.0;0.0;0.0
3;0.0;0.0;0.0
4;0.0;0.0;0.0
5;4.130869995873505e-08;4.130869995873481e-08;1.1908374416738011e-07
6;-4.1308699958739854e-08;4.13086999587385e-08;1.1908374416736632e-07
7;-4.130869995874011e-08;-4.1308699958733924e-08;1.190837441673854e-07
8;4.1308699958725395e-08;-4.130869995873368e-08;1.1908374416736476e-07
END:DISPLACEMENTS 
START:DISPLACEMENTS:t=0.52 
1;0.0;0.0;0.0
2;0.0;0.0;0.0
3;0.0;0.0;0.0
4;0.0;0.0;0.0
5;-1.7159499373979547e-08;-1.71594993739857e-08;-1.3837891743100087e-08
6;1.7159499373990502e-08;-1.715949937398794e-08;-1.383789174311858e-08
7;1.715949937398607e-08;1.7159499373984596e-08;-1.3837891743095653e-08
8;-1.7159499373988692e-08;1.7159499373985996e-08;-1.383789174311332e-08
END:DISPLACEMENTS 
START:DISPLACEMENTS:t=0.53 
1;0.0;0.0;0.0
2;0.0;0.0;0.0
3;0.0;0.0;0.0
4;0.0;0.0;0.0
5;-5.888270427183741e-08;-5.888270427184385e-08;-1.5813360641912813e-07
6;5.8882704271855155e-08;-5.8882704271849716e-08;-1.5813360641914582e-07
7;5.888270427184834e-08;5.8882704271844435e-08;-1.5813360641912496e-07
8;-5.888270427184071e-08;5.888270427184481e-08;-1.581336064191378e-07
END:DISPLACEMENTS 
START:DISPLACEMENTS:t=0.54 
1;0.0;0.0;0.0
2;0.0;0.0;0.0
3;0.0;0.0;0.0
4;0.0;0.0;0.0
5;-6.82623248724938e-08;-6.826232487249229e-08;-2.466279283671701e-07
6;6.826232487249835e-08;-6.82623248724968e-08;-2.4662792836717696e-07
7;6.82623248724965e-08;6.826232487249692e-08;-2.466279283671656e-07
8;-6.826232487249288e-08;6.826232487249505e-08;-2.466279283671787e-07
END:DISPLACEMENTS 
START:DISPLACEMENTS:t=0.55 
1;0.0;0.0;0.0
2;0.0;0.0;0.0
3;0.0;0.0;0.0
4;0.0;0.0;0.0
5;-5.514435387138489e-08;-5.514435387137876e-08;-2.3286666464611688e-07
6;5.514435387137523e-08;-5.514435387138107e-08;-2.328666646461097e-07
7;5.514435387137983e-08;5.514435387138363e-08;-2.3286666464611212e-07
8;-5.5144353871383984e-08;5.51443538713831e-08;-2.3286666464612334e-07
END:DISPLACEMENTS 
START:DISPLACEMENTS:t=0.56 
1;0.0;0.0;0.0
2;0.0;0.0;0.0
3;0.0;0.0;0.0
4;0.0;0.0;0.0
5;-3.2163433407192856e-08;-3.2163433407187535e-08;-1.2565159605481453e-07
6;3.2163433407184624e-08;-3.2163433407189375e-08;-1.2565159605480055e-07
7;3.2163433407189514e-08;3.216343340718825e-08;-1.256515960548131e-07
8;-3.2163433407190976e-08;3.2163433407190526e-08;-1.2565159605481273e-07
END:DISPLACEMENTS 
START:DISPLACEMENTS:t=0.57 
1;0.0;0.0;0.0
2;0.0;0.0;0.0
3;0.0;0.0;0.0
4;0.0;0.0;0.0
5;-1.7487813295563272e-09;-1.7487813295572296e-09;1.068714083867888e-08
6;1.748781329557816e-09;-1.748781329559381e-09;1.0687140838690818e-08
7;1.7487813295590711e-09;1.7487813295535824e-09;1.0687140838675359e-08
8;-1.748781329549362e-09;1.7487813295549274e-09;1.0687140838690406e-08
END:DISPLACEMENTS 
START:DISPLACEMENTS:t=0.58 
1;0.0;0.0;0.0
2;0.0;0.0;0.0
3;0.0;0.0;0.0
4;0.0;0.0;0.0
5;3.165280900386764e-08;3.165280900386571e-08;9.656414879619368e-08
6;-3.16528090038638e-08;3.165280900386613e-08;9.656414879620287e-08
7;-3.165280900386311e-08;-3.165280900387035e-08;9.656414879618709e-08
8;3.165280900387767e-08;-3.165280900387373e-08;9.656414879621021e-08
END:DISPLACEMENTS 
START:DISPLACEMENTS:t=0.59 
1;0.0;0.0;0.0
2;0.0;0.0;0.0
3;0.0;0.0;0.0
4;0.0;0.0;0.0
5;4.8173935743255676e-08;4.817393574325583e-08;8.628465868647748e-08
6;-4.817393574326197e-08;4.817393574325993e-08;8.628465868648997e-08
7;-4.8173935743258316e-08;-4.817393574325774e-08;8.62846586864716e-08
8;4.81739357432617e-08;-4.8173935743260923e-08;8.628465868649267e-08
END:DISPLACEMENTS 
START:DISPLACEMENTS:t=0.6 
1;0.0;0.0;0.0
2;0.0;0.0;0.0
3;0.0;0.0;0.0
4;0.0;0.0;0.0
5;2.5472676751885328e-08;2.5472676751890787e-08;-1.1876334716166984e-08
6;-2.5472676751898877e-08;2.5472676751896564e-08;-1.187633471615223e-08
7;-2.547267675189475e-08;-2.5472676751890198e-08;-1.187633471616906e-08
8;2.5472676751883475e-08;-2.5472676751888153e-08;-1.18763347161565e-08
END:DISPLACEMENTS 
START:DISPLACEMENTS:t=0.61 
1;0.0;0.0;0.0
2;0.0;0.0;0.0
3;0.0;0.0;0.0
4;0.0;0.0;0.0
5;-3.245221038891544e-08;-3.24522103889147e-08;-1.5040437196582643e-07
6;3.245221038890897e-08;-3.2452210388908824e-08;-1.5040437196581987e-07
7;3.245221038890975e-08;3.2452210388915534e-08;-1.5040437196582736e-07
8;-3.245221038891988e-08;3.2452210388917175e-08;-1.5040437196581942e-07
END:DISPLACEMENTS 
START:DISPLACEMENTS:t=0.62 
1;0.0;0.0;0.0
2;0.0;0.0;0.0
3;0.0;0.0;0.0
4;0.0;0.0;0.0
5;-8.954379157995767e-08;-8.954379157996368e-08;-2.7395349065300083e-07
6;8.954379157996664e-08;-8.95437915799608e-08;-2.739534906530089e-07
7;8.954379157996429e-08;8.954379157996253e-08;-2.739534906530011e-07
8;-8.954379157995902e-08;8.954379157995959e-08;-2.7395349065299543e-07
END:DISPLACEMENTS 
START:DISPLACEMENTS:t=0.63 
1;0.0;0.0;0.0
2;0.0;0.0;0.0
3;0.0;0.0;0.0
4;0.0;0.0;0.0
5;-1.0698326429215575e-07;-1.0698326429216458e-07;-3.353305148698404e-07
6;1.0698326429216957e-07;-1.0698326429216517e-07;-3.3533051486985523e-07
7;1.0698326429216663e-07;1.0698326429216337e-07;-3.3533051486983797e-07
8;-1.069832642921583e-07;1.0698326429215948e-07;-3.3533051486984157e-07
END:DISPLACEMENTS 
START:DISPLACEMENTS:t=0.64 
1;0.0;0.0;0.0
2;0.0;0.0;0.0
3;0.0;0.0;0.0
4;0.0;0.0;0.0
5;-7.861218147273515e-08;-7.861218147273539e-08;-3.0872958547380605e-07
6;7.861218147273807e-08;-7.861218147273913e-08;-3.0872958547381754e-07
7;7.861218147273691e-08;7.861218147273855e-08;-3.087295854737999e-07
8;-7.861218147274278e-08;7.861218147273933e-08;-3.087295854738188e-07
END:DISPLACEMENTS 
START:DISPLACEMENTS:t=0.65 
1;0.0;0.0;0.0
2;0.0;0.0;0.0
3;0.0;0.0;0.0
4;0.0;0.0;0.0
5;-3.2209426710286874e-08;-3.2209426710280845e-08;-2.034508986223867e-07
6;3.2209426710281216e-08;-3.220942671028389e-08;-2.034508986223921e-07
7;3.220942671027945e-08;3.220942671028733e-08;-2.0345089862237838e-07
8;-3.220942671029514e-08;3.220942671029051e-08;-2.0345089862240607e-07
END:DISPLACEMENTS 
START:DISPLACEMENTS:t=0.66 
1;0.0;0.0;0.0
2;0.0;0.0;0.0
3;0.0;0.0;0.0
4;0.0;0.0;0.0
5;1.4402929282916026e-09;1.4402929282960288e-09;-7.097069902258269e-08
6;-1.4402929282927458e-09;1.4402929282929575e-09;-7.097069902259022e-08
7;-1.4402929282963448e-09;-1.4402929282915464e-09;-7.097069902257736e-08
8;1.4402929282905868e-09;-1.4402929282899284e-09;-7.097069902260125e-08
END:DISPLACEMENTS 
START:DISPLACEMENTS:t=0.67 
1;0.0;0.0;0.0
2;0.0;0.0;0.0
3;0.0;0.0;0.0
4;0.0;0.0;0.0
5;1.3149084901495372e-08;1.314908490149248e-08;1.3728265810263896e-08
6;-1.3149084901483388e-08;1.3149084901486696e-08;1.372826581025178e-08
7;-1.314908490148739e-08;-1.3149084901494182e-08;1.3728265810262177e-08
8;1.3149084901500097e-08;-1.3149084901495696e-08;1.3728265810253583e-08
END:DISPLACEMENTS 
START:DISPLACEMENTS:t=0.68 
1;0.0;0.0;0.0
2;0.0;0.0;0.0
3;0.0;0.0;0.0
4;0.0;0.0;0.0
5;8.656781598416613e-09;8.65678159840947e-09;-3.889027114060727e-09
6;-8.656781598404808e-09;8.656781598404186e-09;-3.889027114067565e-09
7;-8.656781598406466e-09;-8.656781598415302e-09;-3.8890271140660935e-09
8;8.656781598419158e-09;-8.65678159841598e-09;-3.889027114064077e-09
END:DISPLACEMENTS 
START:DISPLACEMENTS:t=0.69 
1;0.0;0.0;0.0
2;0.0;0.0;0.0
3;0.0;0.0;0.0
4;0.0;0.0;0.0
5;-1.1028914312213828e-08;-1.1028914312211407e-08;-1.201029264109909e-07
6;1.1028914312208822e-08;-1.1028914312211735e-08;-1.201029264109838e-07
7;1.1028914312210613e-08;1.1028914312208322e-08;-1.2010292641099568e-07
8;-1.1028914312212524e-08;1.102891431221086e-08;-1.2010292641099026e-07
END:DISPLACEMENTS 
START:DISPLACEMENTS:t=0.7 
1;0.0;0.0;0.0
2;0.0;0.0;0.0
3;0.0;0.0;0.0
4;0.0;0.0;0.0
5;-4.9959583929133364e-08;-4.9959583929123524e-08;-2.7486010516567607e-07
6;4.995958392911336e-08;-4.9959583929118726e-08;-2.748601051656596e-07
7;4.995958392911722e-08;4.9959583929126204e-08;-2.748601051656793e-07
8;-4.9959583929128864e-08;4.995958392912875e-08;-2.748601051656707e-07
END:DISPLACEMENTS 
START:DISPLACEMENTS:t=0.71 
1;0.0;0.0;0.0
2;0.0;0.0;0.0
3;0.0;0.0;0.0
4;0.0;0.0;0.0
5;-9.785514289038638e-08;-9.785514289037907e-08;-3.90249600594874e-07
6;9.785514289037352e-08;-9.785514289037312e-08;-3.90249600594861e-07
7;9.785514289037659e-08;9.785514289038082e-08;-3.9024960059487857e-07
8;-9.78551428903802e-08;9.785514289038069e-08;-3.9024960059486205e-07
END:DISPLACEMENTS 
START:DISPLACEMENTS:t=0.72 
1;0.0;0.0;0.0
2;0.0;0.0;0.0
3;0.0;0.0;0.0
4;0.0;0.0;0.0
5;-1.253463926640449e-07;-1.2534639266405277e-07;-4.2096136662703383e-07
6;1.2534639266405068e-07;-1.2534639266404946e-07;-4.2096136662702706e-07
7;1.2534639266405343e-07;1.253463926640475e-07;-4.209613666270389e-07
8;-1.2534639266404197e-07;1.253463926640455e-07;-4.2096136662701223e-07
END:DISPLACEMENTS 
START:DISPLACEMENTS:t=0.73 
1;0.0;0.0;0.0
2;0.0;0.0;0.0
3;0.0;0.0;0.0
4;0.0;0.0;0.0
5;-1.0704156785023659e-07;-1.0704156785024503e-07;-3.64518894765158e-07
6;1.0704156785024474e-07;-1.0704156785024284e-07;-3.6451889476515233e-07
7;1.0704156785024903e-07;1.0704156785023992e-07;-3.645188947651605e-07
8;-1.0704156785023875e-07;1.0704156785023879e-07;-3.645188947651373e-07
END:DISPLACEMENTS 
START:DISPLACEMENTS:t=0.74 
1;0.0;0.0;0.0
2;0.0;0.0;0.0
3;0.0;0.0;0.0
4;0.0;0.0;0.0
5;-5.166256187876084e-08;-5.166256187875965e-08;-2.5302824062624545e-07
6;5.166256187875278e-08;-5.166256187875571e-08;-2.5302824062623656e-07
7;5.166256187875788e-08;5.166256187876211e-08;-2.5302824062624074e-07
8;-5.166256187876356e-08;5.1662561878761094e-08;-2.5302824062623497e-07
END:DISPLACEMENTS 
START:DISPLACEMENTS:t=0.75 
1;0.0;0.0;0.0
2;0.0;0.0;0.0
3;0.0;0.0;0.0
4;0.0;0.0;0.0
5;8.074325619705475e-10;8.074325619810577e-10;-1.3660823442777875e-07
6;-8.074325619845467e-10;8.074325619845897e-10;-1.3660823442777065e-07
7;-8.074325619837245e-10;-8.074325619721324e-10;-1.3660823442776954e-07
8;8.074325619698196e-10;-8.074325619737967e-10;-1.3660823442777771e-07
END:DISPLACEMENTS 
START:DISPLACEMENTS:t=0.76 
1;0.0;0.0;0.0
2;0.0;0.0;0.0
3;0.0;0.0;0.0
4;0.0;0.0;0.0
5;1.5011781230467774e-08;1.5011781230467556e-08;-6.991852988425625e-08
6;-1.5011781230462447e-08;1.5011781230465087e-08;-6.991852988425955e-08
7;-1.501178123046706e-08;-1.5011781230462685e-08;-6.991852988425027e-08
8;1.5011781230464806e-08;-1.5011781230464723e-08;-6.99185298842609e-08
END:DISPLACEMENTS 
START:DISPLACEMENTS:t=0.77 
1;0.0;0.0;0.0
2;0.0;0.0;0.0
3;0.0;0.0;0.0
4;0.0;0.0;0.0
5;-1.0474594277540277e-08;-1.0474594277551368e-08;-9.358963398712182e-08
6;1.047459427756217e-08;-1.0474594277557362e-08;-9.358963398713791e-08
7;1.047459427755658e-08;1.0474594277548024e-08;-9.358963398711999e-08
8;-1.0474594277547179e-08;1.0474594277546263e-08;-9.358963398713389e-08
END:DISPLACEMENTS 
START:DISPLACEMENTS:t=0.78 
1;0.0;0.0;0.0
2;0.0;0.0;0.0
3;0.0;0.0;0.0
4;0.0;0.0;0.0
5;-5.099537148151359e-08;-5.099537148152303e-08;-2.0873534601956176e-07
6;5.099537148152818e-08;-5.099537148152777e-08;-2.0873534601957915e-07
7;5.099537148152351e-08;5.099537148151828e-08;-2.087353460195586e-07
8;-5.099537148151822e-08;5.099537148151667e-08;-2.087353460195808e-07
END:DISPLACEMENTS 
START:DISPLACEMENTS:t=0.79 
1;0.0;0.0;0.0
2;0.0;0.0;0.0
3;0.0;0.0;0.0
4;0.0;0.0;0.0
5;-8.54692243247443e-08;-8.546922432473811e-08;-3.6464611038556045e-07
6;8.546922432473872e-08;-8.546922432474087e-08;-3.646461103855701e-07
7;8.546922432473314e-08;8.546922432473933e-08;-3.646461103855545e-07
8;-8.546922432474321e-08;8.546922432473962e-08;-3.6464611038558443e-07
END:DISPLACEMENTS 
START:DISPLACEMENTS:t=0.8 
1;0.0;0.0;0.0
2;0.0;0.0;0.0
3;0.0;0.0;0.0
4;0.0;0.0;0.0
5;-1.0960453109860252e-07;-1.0960453109859188e-07;-4.815260095034808e-07
6;1.0960453109859428e-07;-1.0960453109859524e-07;-4.81526009503487e-07
7;1.0960453109858795e-07;1.0960453109859842e-07;-4.815260095034799e-07
8;-1.0960453109860076e-07;1.0960453109860198e-07;-4.81526009503502e-07
END:DISPLACEMENTS 
START:DISPLACEMENTS:t=0.81 
1;0.0;0.0;0.0
2;0.0;0.0;0.0
3;0.0;0.0;0.0
4;0.0;0.0;0.0
5;-1.2164682731794595e-07;-1.21646827317944e-07;-4.969705235774034e-07
6;1.2164682731794878e-07;-1.216468273179482e-07;-4.969705235774123e-07
7;1.216468273179473e-07;1.2164682731794571e-07;-4.96970523577412e-07
8;-1.2164682731794622e-07;1.2164682731795005e-07;-4.969705235774135e-07
END:DISPLACEMENTS 
START:DISPLACEMENTS:t=0.82 
1;0.0;0.0;0.0
2;0.0;0.0;0.0
3;0.0;0.0;0.0
4;0.0;0.0;0.0
5;-1.1159015355099068e-07;-1.1159015355099857e-07;-4.1238146100343556e-07
6;1.1159015355099761e-07;-1.1159015355099899e-07;-4.1238146100344626e-07
7;1.1159015355100178e-07;1.1159015355099022e-07;-4.1238146100344626e-07
8;-1.1159015355099024e-07;1.1159015355099307e-07;-4.12381461003435e-07
END:DISPLACEMENTS 
START:DISPLACEMENTS:t=0.83 
1;0.0;0.0;0.0
2;0.0;0.0;0.0
3;0.0;0.0;0.0
4;0.0;0.0;0.0
5;-7.164915084626164e-08;-7.164915084626499e-08;-2.8029687548897786e-07
6;7.164915084625635e-08;-7.164915084626085e-08;-2.802968754889783e-07
7;7.164915084626083e-08;7.164915084625378e-08;-2.8029687548898247e-07
8;-7.164915084625625e-08;7.164915084625555e-08;-2.8029687548896595e-07
END:DISPLACEMENTS 
START:DISPLACEMENTS:t=0.84 
1;0.0;0.0;0.0
2;0.0;0.0;0.0
3;0.0;0.0;0.0
4;0.0;0.0;0.0
5;-1.8503251243809326e-08;-1.8503251243801607e-08;-1.6978484635432792e-07
6;1.8503251243795628e-08;-1.850325124379854e-08;-1.6978484635431683e-07
7;1.8503251243796776e-08;1.8503251243801193e-08;-1.6978484635432797e-07
8;-1.850325124380323e-08;1.8503251243803155e-08;-1.6978484635431222e-07
END:DISPLACEMENTS 
START:DISPLACEMENTS:t=0.85 
1;0.0;0.0;0.0
2;0.0;0.0;0.0
3;0.0;0.0;0.0
4;0.0;0.0;0.0
5;1.0355534012500635e-08;1.0355534012510097e-08;-1.2981840624991228e-07
6;-1.0355534012512404e-08;1.0355534012514085e-08;-1.2981840624989428e-07
7;-1.0355534012509069e-08;-1.0355534012500076e-08;-1.2981840624991188e-07
8;1.0355534012500983e-08;-1.035553401249944e-08;-1.298184062498964e-07
END:DISPLACEMENTS 
START:DISPLACEMENTS:t=0.86 
1;0.0;0.0;0.0
2;0.0;0.0;0.0
3;0.0;0.0;0.0
4;0.0;0.0;0.0
5;-1.0190161234745542e-08;-1.0190161234747296e-08;-1.75370271215291e-07
6;1.0190161234745595e-08;-1.0190161234743173e-08;-1.7537027121527627e-07
7;1.0190161234752722e-08;1.0190161234752252e-08;-1.7537027121528819e-07
8;-1.0190161234748368e-08;1.0190161234749221e-08;-1.753702712152745e-07
END:DISPLACEMENTS 
START:DISPLACEMENTS:t=0.87 
1;0.0;0.0;0.0
2;0.0;0.0;0.0
3;0.0;0.0;0.0
4;0.0;0.0;0.0
5;-6.64577146857922e-08;-6.645771468580308e-08;-2.8957990179501405e-07
6;6.645771468580231e-08;-6.645771468580095e-08;-2.8957990179500526e-07
7;6.645771468580661e-08;6.645771468579953e-08;-2.89579901795007e-07
8;-6.645771468579404e-08;6.645771468579185e-08;-2.89579901794997e-07
END:DISPLACEMENTS 
START:DISPLACEMENTS:t=0.88 
1;0.0;0.0;0.0
2;0.0;0.0;0.0
3;0.0;0.0;0.0
4;0.0;0.0;0.0
5;-1.183139718991861e-07;-1.1831397189919129e-07;-4.2817665065612706e-07
6;1.1831397189919358e-07;-1.183139718991927e-07;-4.2817665065611986e-07
7;1.1831397189918975e-07;1.1831397189918798e-07;-4.2817665065611583e-07
8;-1.1831397189918528e-07;1.1831397189918148e-07;-4.2817665065611594e-07
END:DISPLACEMENTS 
START:DISPLACEMENTS:t=0.89 
1;0.0;0.0;0.0
2;0.0;0.0;0.0
3;0.0;0.0;0.0
4;0.0;0.0;0.0
5;-1.3661634097523302e-07;-1.3661634097522919e-07;-5.291162377302121e-07
6;1.3661634097523186e-07;-1.3661634097523226e-07;-5.291162377302049e-07
7;1.3661634097522463e-07;1.366163409752336e-07;-5.291162377302022e-07
8;-1.366163409752334e-07;1.3661634097523054e-07;-5.291162377302162e-07
END:DISPLACEMENTS 
START:DISPLACEMENTS:t=0.9 
1;0.0;0.0;0.0
2;0.0;0.0;0.0
3;0.0;0.0;0.0
4;0.0;0.0;0.0
5;-1.233740138680501e-07;-1.2337401386804346e-07;-5.388257342054487e-07
6;1.233740138680468e-07;-1.2337401386804492e-07;-5.38825734205449e-07
7;1.233740138680451e-07;1.2337401386805178e-07;-5.388257342054465e-07
8;-1.2337401386805384e-07;1.2337401386805336e-07;-5.388257342054683e-07
END:DISPLACEMENTS 
START:DISPLACEMENTS:t=0.91 
1;0.0;0.0;0.0
2;0.0;0.0;0.0
3;0.0;0.0;0.0
4;0.0;0.0;0.0
5;-9.603876945688453e-08;-9.603876945688653e-08;-4.4425591411520123e-07
6;9.603876945688972e-08;-9.603876945689013e-08;-4.442559141152145e-07
7;9.603876945689097e-08;9.603876945688961e-08;-4.442559141152061e-07
8;-9.603876945688891e-08;9.603876945689185e-08;-4.442559141152261e-07
END:DISPLACEMENTS 
START:DISPLACEMENTS:t=0.92 
1;0.0;0.0;0.0
2;0.0;0.0;0.0
3;0.0;0.0;0.0
4;0.0;0.0;0.0
5;-6.573236134945804e-08;-6.573236134946389e-08;-2.977899671764717e-07
6;6.57323613494702e-08;-6.573236134947053e-08;-2.97789967176495e-07
7;6.573236134946584e-08;6.573236134945654e-08;-2.9778996717647646e-07
8;-6.573236134945716e-08;6.573236134945712e-08;-2.9778996717648827e-07
END:DISPLACEMENTS 
START:DISPLACEMENTS:t=0.93 
1;0.0;0.0;0.0
2;0.0;0.0;0.0
3;0.0;0.0;0.0
4;0.0;0.0;0.0
5;-3.4198883972115586e-08;-3.419888397211532e-08;-1.8044293603120607e-07
6;3.419888397211686e-08;-3.4198883972120946e-08;-1.8044293603122704e-07
7;3.419888397210897e-08;3.419888397210588e-08;-1.8044293603120986e-07
8;-3.4198883972109114e-08;3.419888397211102e-08;-1.8044293603121576e-07
END:DISPLACEMENTS 
START:DISPLACEMENTS:t=0.94 
1;0.0;0.0;0.0
2;0.0;0.0;0.0
3;0.0;0.0;0.0
4;0.0;0.0;0.0
5;-1.1488921790950021e-08;-1.1488921790942451e-08;-1.5390669048404647e-07
6;1.148892179093758e-08;-1.1488921790939698e-08;-1.5390669048405547e-07
7;1.1488921790935504e-08;1.1488921790937711e-08;-1.5390669048405023e-07
8;-1.1488921790947556e-08;1.1488921790948132e-08;-1.5390669048405243e-07
END:DISPLACEMENTS 
START:DISPLACEMENTS:t=0.95 
1;0.0;0.0;0.0
2;0.0;0.0;0.0
3;0.0;0.0;0.0
4;0.0;0.0;0.0
5;-1.847650031776243e-08;-1.847650031775612e-08;-2.2555770580940775e-07
6;1.8476500317747463e-08;-1.847650031774867e-08;-2.2555770580941042e-07
7;1.847650031775397e-08;1.847650031776012e-08;-2.255577058094154e-07
8;-1.8476500317766885e-08;1.847650031776721e-08;-2.2555770580941325e-07
END:DISPLACEMENTS 
START:DISPLACEMENTS:t=0.96 
1;0.0;0.0;0.0
2;0.0;0.0;0.0
3;0.0;0.0;0.0
4;0.0;0.0;0.0
5;-6.37072535926613e-08;-6.37072535926595e-08;-3.535199249798042e-07
6;6.3707253592656e-08;-6.370725359265563e-08;-3.5351992497980525e-07
7;6.370725359266397e-08;6.370725359266455e-08;-3.535199249798142e-07
8;-6.370725359266453e-08;6.370725359266398e-08;-3.535199249797997e-07
END:DISPLACEMENTS 
START:DISPLACEMENTS:t=0.97 
1;0.0;0.0;0.0
2;0.0;0.0;0.0
3;0.0;0.0;0.0
4;0.0;0.0;0.0
5;-1.2336871141230404e-07;-1.2336871141231092e-07;-4.776408792090876e-07
6;1.2336871141231174e-07;-1.2336871141231008e-07;-4.77640879209081e-07
7;1.2336871141231037e-07;1.2336871141230762e-07;-4.776408792090885e-07
8;-1.2336871141230134e-07;1.2336871141230095e-07;-4.776408792090654e-07
END:DISPLACEMENTS 
START:DISPLACEMENTS:t=0.98 
1;0.0;0.0;0.0
2;0.0;0.0;0.0
3;0.0;0.0;0.0
4;0.0;0.0;0.0
5;-1.5554170643839344e-07;-1.5554170643840104e-07;-5.470241479839726e-07
6;1.5554170643840045e-07;-1.5554170643839802e-07;-5.470241479839549e-07
7;1.5554170643839484e-07;1.5554170643839148e-07;-5.470241479839619e-07
8;-1.5554170643838732e-07;1.5554170643838478e-07;-5.470241479839422e-07
END:DISPLACEMENTS 
START:DISPLACEMENTS:t=0.99 
1;0.0;0.0;0.0
2;0.0;0.0;0.0
3;0.0;0.0;0.0
4;0.0;0.0;0.0
5;-1.3821349927080607e-07;-1.382134992708075e-07;-5.330919166261923e-07
6;1.3821349927080147e-07;-1.382134992708016e-07;-5.330919166261641e-07
7;1.3821349927080438e-07;1.3821349927080753e-07;-5.330919166261796e-07
8;-1.3821349927080496e-07;1.382134992708019e-07;-5.33091916626172e-07
END:DISPLACEMENTS 
START:DISPLACEMENTS:t=1.0 
1;0.0;0.0;0.0
2;0.0;0.0;0.0
3;0.0;0.0;0.0
4;0.0;0.0;0.0
5;-8.880435749868943e-08;-8.880435749868443e-08;-4.3763602403941014e-07
6;8.880435749868204e-08;-8.880435749868186e-08;-4.376360240393836e-07
7;8.880435749869123e-08;8.880435749869939e-08;-4.376360240394056e-07
8;-8.880435749869491e-08;8.88043574986922e-08;-4.376360240394048e-07
END:DISPLACEMENTS 
