START:NODES 
23;1.5;0.0;0.0;0;0;0;0;0;0;
79;3.0;0.125;-0.25;0;0;0;0;0;0;
98;4.5;0.125;0.25;0;0;0;0;0;0;
1;0.0;0.0;0.0;1;1;1;0;0;0;
40;3.5;0.25;0.0;0;0;0;0;0;0;
64;4.0;0.25;0.25;0;0;0;0;0;0;
86;4.5;0.125;0.0;0;0;0;0;0;0;
81;3.5;0.125;-0.25;0;0;0;0;0;0;
94;2.5;0.125;0.25;0;0;0;0;0;0;
62;3.5;0.25;0.25;0;0;0;0;0;0;
20;1.0;0.25;0.0;0;0;0;0;0;0;
84;4.0;0.125;0.0;0;0;0;0;0;0;
95;3.0;0.125;0.25;0;0;0;0;0;0;
92;1.5;0.125;0.25;0;0;0;0;0;0;
72;1.0;0.125;0.0;0;0;0;0;0;0;
5;0.0;0.0;-0.25;1;1;1;0;0;0;
75;2.0;0.125;-0.25;0;0;0;0;0;0;
7;0.0;0.25;-0.25;1;1;1;0;0;0;
51;1.0;0.0;0.25;0;0;0;0;0;0;
59;3.0;0.0;0.25;0;0;0;0;0;0;
28;2.0;0.25;0.0;0;0;0;0;0;0;
77;2.5;0.125;-0.25;0;0;0;0;0;0;
32;2.5;0.25;0.0;0;0;0;0;0;0;
2;5.0;0.0;0.0;0;0;0;0.0;0.0;-694.444444444444;
22;1.5;0.25;-0.25;0;0;0;0;0;0;
35;3.0;0.0;0.0;0;0;0;0;0;0;
69;0.0;0.125;0.0;1;1;1;0;0;0;
3;5.0;0.25;0.0;0;0;0;0.0;0.0;-694.444444444444;
56;2.0;0.25;0.25;0;0;0;0;0;0;
15;0.5;0.0;0.0;0;0;0;0;0;0;
54;1.5;0.25;0.25;0;0;0;0;0;0;
34;3.0;0.25;-0.25;0;0;0;0;0;0;
58;2.5;0.25;0.25;0;0;0;0;0;0;
96;3.5;0.125;0.25;0;0;0;0;0;0;
48;4.5;0.25;0.0;0;0;0;0;0;0;
82;3.5;0.125;0.0;0;0;0;0;0;0;
12;5.0;0.25;0.25;0;0;0;0.0;0.0;-694.444444444444;
97;4.0;0.125;0.25;0;0;0;0;0;0;
50;0.5;0.25;0.25;0;0;0;0;0;0;
78;2.5;0.125;0.0;0;0;0;0;0;0;
63;4.0;0.0;0.25;0;0;0;0;0;0;
85;4.5;0.125;-0.25;0;0;0;0;0;0;
93;2.0;0.125;0.25;0;0;0;0;0;0;
49;0.5;0.0;0.25;0;0;0;0;0;0;
71;1.0;0.125;-0.25;0;0;0;0;0;0;
70;0.5;0.125;0.0;0;0;0;0;0;0;
19;1.0;0.0;0.0;0;0;0;0;0;0;
89;0.0;0.125;0.25;1;1;1;0;0;0;
21;1.5;0.0;-0.25;0;0;0;0;0;0;
38;3.5;0.25;-0.25;0;0;0;0;0;0;
37;3.5;0.0;-0.25;0;0;0;0;0;0;
73;1.5;0.125;-0.25;0;0;0;0;0;0;
4;0.0;0.25;0.0;1;1;1;0;0;0;
87;5.0;0.125;-0.25;0;0;0;0.0;0.0;-694.444444444444;
6;5.0;0.0;-0.25;0;0;0;0.0;0.0;-694.444444444444;
16;0.5;0.25;0.0;0;0;0;0;0;0;
18;1.0;0.25;-0.25;0;0;0;0;0;0;
60;3.0;0.25;0.25;0;0;0;0;0;0;
88;5.0;0.125;0.0;0;0;0;0.0;0.0;-694.444444444444;
90;0.5;0.125;0.25;0;0;0;0;0;0;
10;5.0;0.0;0.25;0;0;0;0.0;0.0;-694.444444444444;
99;5.0;0.125;0.25;0;0;0;0.0;0.0;-694.444444444444;
57;2.5;0.0;0.25;0;0;0;0;0;0;
76;2.0;0.125;0.0;0;0;0;0;0;0;
46;4.5;0.25;-0.25;0;0;0;0;0;0;
29;2.5;0.0;-0.25;0;0;0;0;0;0;
31;2.5;0.0;0.0;0;0;0;0;0;0;
41;4.0;0.0;-0.25;0;0;0;0;0;0;
83;4.0;0.125;-0.25;0;0;0;0;0;0;
24;1.5;0.25;0.0;0;0;0;0;0;0;
42;4.0;0.25;-0.25;0;0;0;0;0;0;
14;0.5;0.25;-0.25;0;0;0;0;0;0;
53;1.5;0.0;0.25;0;0;0;0;0;0;
55;2.0;0.0;0.25;0;0;0;0;0;0;
26;2.0;0.25;-0.25;0;0;0;0;0;0;
66;4.5;0.25;0.25;0;0;0;0;0;0;
27;2.0;0.0;0.0;0;0;0;0;0;0;
45;4.5;0.0;-0.25;0;0;0;0;0;0;
8;5.0;0.25;-0.25;0;0;0;0.0;0.0;-694.444444444444;
43;4.0;0.0;0.0;0;0;0;0;0;0;
25;2.0;0.0;-0.25;0;0;0;0;0;0;
47;4.5;0.0;0.0;0;0;0;0;0;0;
65;4.5;0.0;0.25;0;0;0;0;0;0;
68;0.5;0.125;-0.25;0;0;0;0;0;0;
61;3.5;0.0;0.25;0;0;0;0;0;0;
11;0.0;0.25;0.25;1;1;1;0;0;0;
44;4.0;0.25;0.0;0;0;0;0;0;0;
80;3.0;0.125;0.0;0;0;0;0;0;0;
67;0.0;0.125;-0.25;1;1;1;0;0;0;
9;0.0;0.0;0.25;1;1;1;0;0;0;
74;1.5;0.125;0.0;0;0;0;0;0;0;
39;3.5;0.0;0.0;0;0;0;0;0;0;
17;1.0;0.0;-0.25;0;0;0;0;0;0;
52;1.0;0.25;0.25;0;0;0;0;0;0;
36;3.0;0.25;0.0;0;0;0;0;0;0;
30;2.5;0.25;-0.25;0;0;0;0;0;0;
33;3.0;0.0;-0.25;0;0;0;0;0;0;
91;1.0;0.125;0.25;0;0;0;0;0;0;
13;0.5;0.0;-0.25;0;0;0;0;0;0;
END:NODES 
START:ELEMENTS 
23;5;13;68;67;1;15;70;69;
38;81;83;42;38;82;84;44;40;
37;37;41;83;81;39;43;84;82;
55;35;39;82;80;59;61;96;95;
26;68;71;18;14;70;72;20;16;
40;83;85;46;42;84;86;48;44;
27;17;21;73;71;19;23;74;72;
45;15;19;72;70;49;51;91;90;
54;78;80;36;32;94;95;60;58;
43;1;15;70;69;9;49;90;89;
58;82;84;44;40;96;97;64;62;
30;73;75;26;22;74;76;28;24;
25;13;17;71;68;15;19;72;70;
56;80;82;40;36;95;96;62;60;
62;86;88;3;48;98;99;12;66;
47;19;23;74;72;51;53;92;91;
33;29;33;79;77;31;35;80;78;
51;27;31;78;76;55;57;94;93;
60;84;86;48;44;97;98;66;64;
61;47;2;88;86;65;10;99;98;
50;74;76;28;24;92;93;56;54;
57;39;43;84;82;61;63;97;96;
34;77;79;34;30;78;80;36;32;
44;69;70;16;4;89;90;50;11;
46;70;72;20;16;90;91;52;50;
49;23;27;76;74;53;55;93;92;
48;72;74;24;20;91;92;54;52;
29;21;25;75;73;23;27;76;74;
59;43;47;86;84;63;65;98;97;
28;71;73;22;18;72;74;24;20;
31;25;29;77;75;27;31;78;76;
41;45;6;87;85;47;2;88;86;
52;76;78;32;28;93;94;58;56;
36;79;81;38;34;80;82;40;36;
24;67;68;14;7;69;70;16;4;
42;85;87;8;46;86;88;3;48;
32;75;77;30;26;76;78;32;28;
39;41;45;85;83;43;47;86;84;
53;31;35;80;78;57;59;95;94;
35;33;37;81;79;35;39;82;80;
END:ELEMENTS 
START:DISPLACEMENTS 
23;7.61449651643e-16;8.55212950428e-15;-0.0417579282707;
79;-0.0219340126454;2.92967422579e-15;-0.150491764205;
98;0.0259037512948;-4.15436587138e-14;-0.297015877634;
1;0.0;0.0;0.0;
40;3.70602603858e-15;-8.74941241803e-15;-0.196362422214;
64;0.0251076143387;-8.76828360268e-05;-0.245684397762;
86;1.32424102216e-16;-4.38606896917e-14;-0.296982775614;
81;-0.0237876273655;-9.53773597589e-15;-0.196509091778;
94;0.0195501280925;9.54821150059e-15;-0.108711885748;
62;0.0237828678239;-0.000131250414584;-0.196475991532;
20;-9.13034409784e-16;5.00760126766e-15;-0.0189997378728;
84;1.45135648463e-16;-2.51778842098e-14;-0.24562812649;
95;0.0219340126454;3.75635401105e-15;-0.150491764205;
92;0.0131891236378;8.47141321022e-15;-0.0421051057095;
72;1.52824389573e-17;5.01325958279e-15;-0.0190825724025;
5;0.0;0.0;0.0;
75;-0.0166384132727;1.07245576521e-14;-0.0722276623909;
7;0.0;0.0;0.0;
51;0.00922286907938;0.000332353502572;-0.0192858270456;
59;0.021929096762;0.000175021800113;-0.150448062884;
28;-9.1714426918e-17;1.04540330575e-14;-0.071935074166;
77;-0.0195501280925;9.37874821695e-15;-0.108711885748;
32;9.33450616648e-16;9.23085482011e-15;-0.10846696503;
2;-4.69753757208e-15;-6.30898490932e-14;-0.349387485949;
22;-0.0131892521725;0.000309437714462;-0.0420282345638;
35;-2.13174653211e-15;3.1074957909e-15;-0.150296043096;
69;0.0;0.0;0.0;
3;4.97851167359e-15;-6.3132984211e-14;-0.349387485949;
56;0.0166322254853;-0.000262053133579;-0.0721619599228;
15;6.73794055223e-16;1.62728567406e-15;-0.00470500663301;
54;0.0131892521725;-0.000309437714445;-0.0420282345638;
34;-0.021929096762;0.000175021800113;-0.150448062884;
58;0.0195456430669;-0.000218828903077;-0.10865722688;
96;0.0237876273655;-7.54400110032e-15;-0.196509091778;
48;4.89585260716e-15;-4.38642386145e-14;-0.296970851566;
82;8.06816507082e-17;-8.6760129316e-15;-0.196395319976;
12;0.0261799274869;-7.06240209433e-06;-0.349422424377;
97;0.0251125922961;-2.32719784881e-14;-0.24570518003;
50;0.00466598102036;-0.000484600365435;-0.00512677262733;
78;7.57436612867e-17;9.28299138016e-15;-0.108521777515;
63;0.0251076143387;8.76828359802e-05;-0.245684397762;
85;-0.0259037512948;-4.62003505575e-14;-0.297015877634;
93;0.0166384132727;1.04859229341e-14;-0.0722276623909;
49;0.00466598102036;0.000484600365438;-0.00512677262733;
71;-0.00924323483122;5.11803939934e-15;-0.0193699094388;
70;9.29977144413e-18;1.59792514161e-15;-0.0048244605209;
19;9.45668713819e-16;5.01337883638e-15;-0.0189997378728;
89;0.0;0.0;0.0;
21;-0.0131892521725;-0.000309437714445;-0.0420282345638;
38;-0.0237828678239;0.000131250414566;-0.196475991532;
37;-0.0237828678239;-0.000131250414586;-0.196475991532;
73;-0.0131891236378;8.79258888933e-15;-0.0421051057095;
4;0.0;0.0;0.0;
87;-0.0261826413402;-6.57862639456e-14;-0.349406864918;
6;-0.0261799274869;-7.06240209964e-06;-0.349422424377;
16;-6.56645791639e-16;1.62668381123e-15;-0.00470500663301;
18;-0.00922286907938;0.000332353502572;-0.0192858270456;
60;0.021929096762;-0.000175021800106;-0.150448062884;
88;1.43010442326e-16;-6.30737958831e-14;-0.34938434861;
90;0.00463547871427;1.47510802438e-15;-0.00524667968801;
10;0.0261799274869;7.06240197336e-06;-0.349422424377;
99;0.0261826413402;-6.04885006231e-14;-0.349406864918;
57;0.0195456430669;0.000218828903096;-0.10865722688;
76;4.80928268047e-17;1.04739089702e-14;-0.0720003388585;
46;-0.0258990846503;4.25442526364e-05;-0.297000809495;
29;-0.0195456430669;-0.000218828903077;-0.10865722688;
31;-8.00802540984e-16;9.23316172801e-15;-0.10846696503;
41;-0.0251076143387;-8.76828360302e-05;-0.245684397762;
83;-0.0251125922961;-2.67274719287e-14;-0.24570518003;
24;-6.98989431085e-16;8.55041532404e-15;-0.0417579282707;
42;-0.0251076143387;8.76828359767e-05;-0.245684397762;
14;-0.00466598102036;0.000484600365438;-0.00512677262733;
53;0.0131892521725;0.000309437714462;-0.0420282345638;
55;0.0166322254853;0.0002620531336;-0.0721619599228;
26;-0.0166322254853;0.0002620531336;-0.0721619599228;
66;0.0258990846503;-4.25442527242e-05;-0.297000809495;
27;1.8712103119e-16;1.04457791298e-14;-0.071935074166;
45;-0.0258990846503;-4.25442527289e-05;-0.297000809495;
8;-0.0261799274869;7.06240196808e-06;-0.349422424377;
43;-4.32123123509e-15;-2.51960067401e-14;-0.245606524866;
25;-0.0166322254853;-0.000262053133579;-0.0721619599228;
47;-4.65222951121e-15;-4.38493801468e-14;-0.296970851566;
65;0.0258990846503;4.25442526412e-05;-0.297000809495;
68;-0.00463547871427;1.57418934972e-15;-0.00524667968801;
61;0.0237828678239;0.000131250414568;-0.196475991532;
11;0.0;0.0;0.0;
44;4.62021561641e-15;-2.51913728907e-14;-0.245606524866;
80;1.25710775718e-16;3.17130232527e-15;-0.150339746122;
67;0.0;0.0;0.0;
9;0.0;0.0;0.0;
74;3.04020440669e-17;8.56272950926e-15;-0.0418357376576;
39;-3.49305305197e-15;-8.72869387955e-15;-0.196362422214;
17;-0.00922286907938;-0.000332353502562;-0.0192858270456;
52;0.00922286907938;-0.000332353502562;-0.0192858270456;
36;2.38028398412e-15;3.12854264337e-15;-0.150296043096;
30;-0.0195456430669;0.000218828903096;-0.10865722688;
33;-0.021929096762;-0.000175021800107;-0.150448062884;
91;0.00924323483122;4.90511821659e-15;-0.0193699094388;
13;-0.00466598102036;-0.000484600365435;-0.00512677262733;
END:DISPLACEMENTS 
START:STRESSES 
23;0;0;0;0;0;0;
79;0;0;0;0;0;0;
98;0;0;0;0;0;0;
1;0;0;0;0;0;0;
40;0;0;0;0;0;0;
64;0;0;0;0;0;0;
86;0;0;0;0;0;0;
81;0;0;0;0;0;0;
94;0;0;0;0;0;0;
62;0;0;0;0;0;0;
20;0;0;0;0;0;0;
84;0;0;0;0;0;0;
95;0;0;0;0;0;0;
92;0;0;0;0;0;0;
72;0;0;0;0;0;0;
5;0;0;0;0;0;0;
75;0;0;0;0;0;0;
7;0;0;0;0;0;0;
51;0;0;0;0;0;0;
59;0;0;0;0;0;0;
28;0;0;0;0;0;0;
77;0;0;0;0;0;0;
32;0;0;0;0;0;0;
2;0;0;0;0;0;0;
22;0;0;0;0;0;0;
35;0;0;0;0;0;0;
69;0;0;0;0;0;0;
3;0;0;0;0;0;0;
56;0;0;0;0;0;0;
15;0;0;0;0;0;0;
54;0;0;0;0;0;0;
34;0;0;0;0;0;0;
58;0;0;0;0;0;0;
96;0;0;0;0;0;0;
48;0;0;0;0;0;0;
82;0;0;0;0;0;0;
12;0;0;0;0;0;0;
97;0;0;0;0;0;0;
50;0;0;0;0;0;0;
78;0;0;0;0;0;0;
63;0;0;0;0;0;0;
85;0;0;0;0;0;0;
93;0;0;0;0;0;0;
49;0;0;0;0;0;0;
71;0;0;0;0;0;0;
70;0;0;0;0;0;0;
19;0;0;0;0;0;0;
89;0;0;0;0;0;0;
21;0;0;0;0;0;0;
38;0;0;0;0;0;0;
37;0;0;0;0;0;0;
73;0;0;0;0;0;0;
4;0;0;0;0;0;0;
87;0;0;0;0;0;0;
6;0;0;0;0;0;0;
16;0;0;0;0;0;0;
18;0;0;0;0;0;0;
60;0;0;0;0;0;0;
88;0;0;0;0;0;0;
90;0;0;0;0;0;0;
10;0;0;0;0;0;0;
99;0;0;0;0;0;0;
57;0;0;0;0;0;0;
76;0;0;0;0;0;0;
46;0;0;0;0;0;0;
29;0;0;0;0;0;0;
31;0;0;0;0;0;0;
41;0;0;0;0;0;0;
83;0;0;0;0;0;0;
24;0;0;0;0;0;0;
42;0;0;0;0;0;0;
14;0;0;0;0;0;0;
53;0;0;0;0;0;0;
55;0;0;0;0;0;0;
26;0;0;0;0;0;0;
66;0;0;0;0;0;0;
27;0;0;0;0;0;0;
45;0;0;0;0;0;0;
8;0;0;0;0;0;0;
43;0;0;0;0;0;0;
25;0;0;0;0;0;0;
47;0;0;0;0;0;0;
65;0;0;0;0;0;0;
68;0;0;0;0;0;0;
61;0;0;0;0;0;0;
11;0;0;0;0;0;0;
44;0;0;0;0;0;0;
80;0;0;0;0;0;0;
67;0;0;0;0;0;0;
9;0;0;0;0;0;0;
74;0;0;0;0;0;0;
39;0;0;0;0;0;0;
17;0;0;0;0;0;0;
52;0;0;0;0;0;0;
36;0;0;0;0;0;0;
30;0;0;0;0;0;0;
33;0;0;0;0;0;0;
91;0;0;0;0;0;0;
13;0;0;0;0;0;0;
END:STRESSES 
